0.000000
0.872773
0.771163
0.860239
0.889145
0.960231
0.956707
0.961466
0.976926
0.942441
0.991100
0.976761
0.990499
0.957884
0.976902
0.969698
0.984074
0.991295
1.001486
0.992782
1.019668
1.005722
0.994078
1.001153
1.012235
1.002909
0.997776
0.998580
1.020825
1.007510
0.995690
1.013829
1.008900
1.015899
1.009061
1.018961
1.023678
1.004080
1.012368
1.012741
1.010910
1.017877
1.012573
1.002406
1.006068
1.016258
1.008116
1.008731
1.014070
1.017950
1.007886
1.016088
1.005693
1.006904
1.013531
0.998897
1.021029
0.995730
1.016845
1.004544
0.978481
1.007029
1.004041
0.987594
0.988197
0.995083
0.964683
0.989578
1.004231
0.978340
0.990477
0.972954
0.977523
0.972349
0.966053
0.968476
0.972842
0.944950
0.938405
0.975416
0.956619
0.959114
0.969785
0.840260
0.939237
0.934239
0.897920
0.879395
0.861963
0.887320
0.909519
0.841976
0.847173
0.776815
0.777309
0.710349
0.652522
0.676666
0.608708
0.758663
