0.000000
0.765601
0.765781
0.941575
0.995671
0.999597
0.999998
0.945725
0.992285
0.812547
0.949177
0.995391
0.999690
0.947914
0.813057
0.945616
0.999895
0.999817
0.999937
0.983465
0.929249
0.991622
0.996960
0.951199
1.000000
0.942987
1.000000
1.000000
1.000000
0.949043
0.944699
0.983199
1.000000
0.974883
0.991106
0.998017
1.000000
0.995729
1.000000
1.000000
1.000000
1.000000
0.994828
1.000000
1.000000
1.000000
1.000000
0.995459
1.000000
1.000000
1.000000
0.943555
0.991029
0.988712
1.000000
1.000000
0.999839
1.000000
0.976263
0.998854
1.000000
1.000000
0.988464
1.000000
0.801613
0.922782
0.808564
0.917160
0.984878
0.807183
1.000000
0.986470
0.991094
0.996685
0.810710
0.833129
1.000000
0.765976
1.000000
0.998196
1.000000
0.989885
0.991742
0.652673
0.777205
1.000000
1.000000
0.750696
1.000000
1.000000
0.668569
0.733656
0.839553
0.641807
1.000000
0.497248
0.839806
0.410500
0.500913
0.500895
