47.000000
0.740000
0.950000
1.380000
6.350000
11.520000
12.710000
13.490000
13.850000
14.880000
15.900000
17.020000
19.640000
20.190000
20.580000
21.660000
22.360000
23.050000
23.210000
23.720000
23.950000
24.310000
24.420000
24.520000
24.730000
25.490000
25.670000
25.820000
26.120000
26.890000
26.990000
27.200000
27.490000
27.620000
27.790000
28.540000
29.000000
29.340000
29.530000
29.640000
30.140000
30.240000
30.310000
30.490000
30.780000
31.030000
31.260000
31.380000
31.720000
31.990000
32.180000
32.310000
32.440000
32.610000
33.600000
33.720000
33.870000
34.010000
34.600000
34.910000
35.150000
35.310000
35.390000
35.480000
35.570000
36.010000
36.240000
36.400000
36.550000
36.620000
36.840000
37.010000
37.080000
37.320000
37.420000
37.520000
37.650000
37.760000
37.830000
37.970000
38.060000
38.170000
38.280000
38.380000
38.760000
39.080000
39.210000
39.290000
39.360000
39.520000
39.610000
39.720000
39.820000
39.930000
40.010000
40.330000
40.430000
40.550000
40.640000
40.980000
0.000000
