0.000000
0.797724
0.797562
0.981262
0.756838
0.998424
0.980748
0.621094
0.995328
0.959025
0.765643
0.959349
1.000000
0.993683
0.990282
0.999077
1.000000
0.959024
0.999596
1.000000
0.991115
1.000000
0.990525
1.000000
0.999508
0.989678
0.999240
1.000000
0.999979
0.998753
0.959491
0.999216
1.000000
0.998861
1.000000
0.999682
0.999645
0.998693
0.991138
1.000000
1.000000
0.992817
1.000000
0.973851
0.998702
1.000000
0.999533
1.000000
0.998685
0.996930
0.999153
0.952085
1.000000
0.953412
0.998764
0.977106
1.000000
0.999415
0.990546
1.000000
0.998728
0.975543
1.000000
0.978226
0.996987
1.000000
1.000000
1.000000
0.998653
0.790415
0.000000
0.938240
1.000000
1.000000
1.000000
0.958735
1.000000
0.994348
0.812033
1.000000
1.000000
0.776977
1.000000
0.938182
0.727912
0.822550
0.625869
0.770796
0.812425
1.000000
0.893937
0.616655
0.657216
0.999056
0.999189
1.000000
0.657019
0.756944
0.835960
0.883305
